0 0.9115604575163399 0.3799019607843137 0.044526143790849675 0.09375
0 0.8672385620915033 0.3799019607843137 0.04656862745098039 0.09375
0 0.7375408496732027 0.38235294117647056 0.04616013071895425 0.09313725490196079
0 0.7828839869281046 0.3802083333333333 0.0428921568627451 0.0900735294117647
0 0.13554330065359477 0.5523897058823529 0.021241830065359478 0.058823529411764705
0 0.16107434640522875 0.5523897058823529 0.028186274509803922 0.05821078431372549
0 0.18803513071895425 0.5451899509803921 0.023284313725490197 0.04932598039215686
0 0.21091094771241828 0.5447303921568627 0.02165032679738562 0.05024509803921569
0 0.9822303921568627 0.3779105392156863 0.03553921568627451 0.09957107843137254
0 0.8231209150326797 0.3791360294117647 0.0392156862745098 0.09283088235294118
0 0.7269607843137255 0.47763480392156865 0.02369281045751634 0.061887254901960786
0 0.6936274509803921 0.38204656862745096 0.04003267973856209 0.09375
1 0.7947303921568627 0.1946997549019608 0.17933006535947713 0.07506127450980392
0 0.08980392156862745 0.3722916666666667 0.04534313725490196 0.09712009803921569
0 0.13249183006535947 0.3735171568627451 0.04003267973856209 0.09528186274509803
0 0.1757924836601307 0.3724448529411765 0.049019607843137254 0.09497549019607843
0 0.22093137254901962 0.37367034313725495 0.03880718954248366 0.09497549019607843
0 0.2654575163398693 0.37458946078431377 0.05024509803921569 0.09681372549019608
0 0.3118218954248366 0.3764276960784314 0.042483660130718956 0.09375
0 0.3539624183006536 0.37458946078431377 0.03880718954248366 0.0900735294117647
0 0.39338235294117646 0.37668504901960786 0.0392156862745098 0.09099264705882353
0 0.4360702614379085 0.37637867647058826 0.0428921568627451 0.09160539215686274
0 0.4797794117647059 0.37515318627450983 0.04370915032679738 0.0940563725490196
0 0.5234885620915033 0.37607230392156865 0.04370915032679738 0.09589460784313726
0 0.5643382352941176 0.37668504901960786 0.03145424836601307 0.09528186274509803
0 0.6064133986928104 0.37607230392156865 0.04370915032679738 0.0934436274509804
0 0.6507352941176471 0.37775735294117646 0.04493464052287582 0.08884803921568628
0 0.750437091503268 0.47732843137254904 0.024509803921568627 0.05821078431372549
0 0.1038562091503268 0.4724172794117647 0.03390522875816993 0.06954656862745098
0 0.1547140522875817 0.47318321078431375 0.026143790849673203 0.06372549019607843
0 0.39609477124183007 0.4757873774509804 0.020833333333333332 0.06709558823529412
0 0.418562091503268 0.47548100490196077 0.02246732026143791 0.06770833333333333
0 0.4408251633986929 0.4750214460784314 0.0196078431372549 0.06740196078431372
0 0.4653349673202615 0.47670649509803925 0.022058823529411766 0.06525735294117647
0 0.48902777777777784 0.4765533088235294 0.025326797385620915 0.0661764705882353
0 0.5143382352941176 0.47701286764705886 0.024918300653594773 0.0664828431372549
0 0.7753676470588234 0.4806985294117647 0.024918300653594773 0.06556372549019608
0 0.5368055555555555 0.4764001225490196 0.020016339869281044 0.06587009803921569
0 0.5602941176470588 0.4759405637254902 0.026143790849673203 0.06678921568627451
0 0.5868627450980393 0.4756433823529412 0.024101307189542485 0.06525735294117647
0 0.609313725490196 0.4762469362745098 0.021241830065359478 0.06372549019607843
0 0.6328186274509804 0.4768688725490196 0.025326797385620915 0.06525735294117647
0 0.6593709150326797 0.4771752450980392 0.025326797385620915 0.06587009803921569
0 0.6846977124183007 0.47763480392156865 0.02287581699346405 0.06678921568627451
0 0.7038807189542483 0.4791666666666667 0.020016339869281044 0.06372549019607843
0 0.37200571895424833 0.47379595588235296 0.02696078431372549 0.06372549019607843
0 0.12979575163398693 0.47410232843137257 0.0196078431372549 0.06556372549019608
0 0.345453431372549 0.4747150735294118 0.02696078431372549 0.0625
0 0.2950040849673202 0.47486825980392156 0.023284313725490197 0.06525735294117647
0 0.181062091503268 0.47486825980392156 0.025735294117647058 0.05912990196078431
0 0.20536764705882354 0.4756341911764706 0.021241830065359478 0.05943627450980392
0 0.22640522875816993 0.4730300245098039 0.02246732026143791 0.06525735294117647
0 0.24845179738562093 0.4733363970588235 0.022058823529411766 0.0664828431372549
0 0.27090277777777777 0.47456188725490195 0.024918300653594773 0.06464460784313726
0 0.11123774509803921 0.5496323529411765 0.025735294117647058 0.0545343137254902
0 0.09183415032679738 0.5537683823529411 0.014705882352941176 0.045649509803921566
0 0.9924428104575164 0.4805453431372549 0.01511437908496732 0.06832107843137254
1 0.6076388888888888 0.19454656862745098 0.1744281045751634 0.07965686274509803
0 0.9771241830065359 0.4803921568627451 0.016339869281045753 0.06740196078431372
4 0.9062336601307189 0.4947916666666667 0.05718954248366013 0.044730392156862746
0 0.8643790849673203 0.47901348039215685 0.022058823529411766 0.06219362745098039
0 0.8429452614379086 0.4820772058823529 0.02042483660130719 0.06525735294117647
0 0.8202736928104575 0.4814644607843137 0.02246732026143791 0.06709558823529412
0 0.7973978758169935 0.4803921568627451 0.023284313725490197 0.0661764705882353
0 0.3184926470588235 0.4759405637254902 0.026143790849673203 0.06433823529411764
1 0.7845179738562091 0.1171875 0.1744281045751634 0.07261029411764706
1 0.39950980392156865 0.11841299019607843 0.05473856209150327 0.0701593137254902
1 0.39767156862745096 0.19240196078431374 0.060866013071895424 0.06985294117647059
1 0.6203022875816994 0.7522977941176471 0.0428921568627451 0.03462009803921569
1 0.5706699346405228 0.8115808823529411 0.04003267973856209 0.028799019607843136
1 0.5718954248366013 0.7829350490196079 0.04003267973856209 0.027879901960784315
1 0.6687091503267973 0.7196691176470589 0.04656862745098039 0.03002450980392157
1 0.6227532679738562 0.7204350490196079 0.04534313725490196 0.03155637254901961
1 0.5723039215686274 0.7506127450980392 0.04738562091503268 0.03553921568627451
1 0.46875 0.8144914215686274 0.04370915032679738 0.02849264705882353
1 0.6638071895424836 0.7524509803921569 0.0457516339869281 0.03308823529411765
1 0.42320261437908496 0.8134191176470589 0.0457516339869281 0.03002450980392157
1 0.5218545751633987 0.7809436274509803 0.04616013071895425 0.028186274509803922
1 0.4693627450980392 0.7833946078431373 0.041666666666666664 0.032475490196078434
1 0.4252450980392157 0.7833946078431373 0.04411764705882353 0.03125
1 0.5138888888888888 0.7112438725490197 0.03676470588235294 0.03462009803921569
1 0.46691176470588236 0.7115502450980392 0.03676470588235294 0.02849264705882353
1 0.4285130718954248 0.7118566176470589 0.04084967320261438 0.02849264705882353
1 0.3882761437908497 0.7403492647058824 0.039624183006535946 0.03155637254901961
1 0.5241013071895425 0.8134191176470589 0.042483660130718956 0.031862745098039214
1 0.6160130718954249 0.7841605392156863 0.04411764705882353 0.030330882352941176
1 0.661968954248366 0.7847732843137255 0.04370915032679738 0.0272671568627451
1 0.6149918300653595 0.813265931372549 0.04534313725490196 0.0272671568627451
1 0.9697712418300654 0.7835477941176471 0.04493464052287582 0.02420343137254902
1 0.9718137254901961 0.7559742647058824 0.04738562091503268 0.030330882352941176
1 0.9732434640522876 0.7244178921568627 0.04534313725490196 0.030330882352941176
1 0.8884803921568627 0.8157169117647058 0.04820261437908497 0.030943627450980393
1 0.8423202614379085 0.8160232843137255 0.04330065359477124 0.030943627450980393
1 0.8915441176470589 0.7829350490196079 0.04779411764705882 0.030943627450980393
1 0.8462009803921569 0.7833946078431373 0.044526143790849675 0.03125
1 0.7050653594771242 0.8140318627450981 0.04003267973856209 0.02696078431372549
1 0.7516339869281046 0.8146446078431373 0.05065359477124183 0.028186274509803922
1 0.7971813725490197 0.8135723039215687 0.04044117647058824 0.030330882352941176
1 0.7975898692810458 0.7835477941176471 0.03799019607843137 0.02665441176470588
1 0.7542892156862745 0.7849264705882353 0.04534313725490196 0.029411764705882353
1 0.7097630718954249 0.7841605392156863 0.04125816993464052 0.030330882352941176
1 0.7998366013071896 0.7544424019607843 0.042483660130718956 0.029105392156862746
1 0.7546977124183006 0.7541360294117647 0.04616013071895425 0.02971813725490196
1 0.7089460784313726 0.7529105392156863 0.042075163398692814 0.030943627450980393
1 0.6599264705882353 0.8135723039215687 0.044526143790849675 0.02849264705882353
1 0.38480392156862747 0.7106311274509803 0.04411764705882353 0.026041666666666668
1 0.6015114379084967 0.11611519607843138 0.17769607843137256 0.07720588235294118
1 0.3786764705882353 0.8157169117647058 0.041666666666666664 0.030943627450980393
1 0.2867647058823529 0.8186274509803921 0.04493464052287582 0.03002450980392157
1 0.07883986928104575 0.03998161764705882 0.06372549019607843 0.07077205882352941
1 0.144812091503268 0.03753063725490196 0.05841503267973856 0.07506127450980392
1 0.20649509803921567 0.04044117647058824 0.06004901960784314 0.0741421568627451
1 0.2769607843137255 0.04059436274509804 0.06290849673202614 0.07138480392156862
1 0.33700980392156865 0.04335171568627451 0.05473856209150327 0.07751225490196079
1 0.39828431372549017 0.042279411764705885 0.06535947712418301 0.07965686274509803
1 0.07741013071895425 0.11213235294117647 0.06740196078431372 0.07169117647058823
0 0.2339910130718954 0.5444240196078431 0.024509803921568627 0.04779411764705882
1 0.14399509803921567 0.11259191176470588 0.0625 0.0701593137254902
1 0.2704248366013072 0.11580882352941177 0.059640522875817 0.07536764705882353
1 0.33925653594771243 0.11871936274509803 0.06576797385620915 0.06832107843137254
1 0.08006535947712418 0.18826593137254902 0.06944444444444445 0.07628676470588236
1 0.14338235294117646 0.18887867647058823 0.05392156862745098 0.07506127450980392
1 0.2107843137254902 0.19056372549019607 0.07107843137254902 0.06924019607843138
1 0.27450980392156865 0.19025735294117646 0.05800653594771242 0.06985294117647059
1 0.33578431372549017 0.19255514705882354 0.06209150326797386 0.07077205882352941
1 0.20649509803921567 0.11565563725490197 0.06004901960784314 0.07628676470588236
1 0.09660947712418301 0.788296568627451 0.0494281045751634 0.030637254901960783
1 0.09824346405228758 0.8172487745098039 0.044526143790849675 0.026041666666666668
1 0.14419934640522875 0.7256433823529411 0.04738562091503268 0.03278186274509804
1 0.24142156862745098 0.8181678921568627 0.041666666666666664 0.03278186274509804
1 0.3312908496732026 0.7832414215686274 0.04330065359477124 0.02849264705882353
1 0.28594771241830064 0.7886029411764706 0.04330065359477124 0.026348039215686275
1 0.24244281045751634 0.7872242647058824 0.04370915032679738 0.029105392156862746
1 0.19444444444444445 0.8181678921568627 0.0457516339869281 0.030330882352941176
1 0.19505718954248366 0.7884497549019608 0.04616013071895425 0.02971813725490196
1 0.14787581699346405 0.8189338235294118 0.04493464052287582 0.029411764705882353
1 0.1460375816993464 0.7890625 0.04861111111111111 0.030943627450980393
1 0.3327205882352941 0.7541360294117647 0.04616013071895425 0.02665441176470588
1 0.28717320261437906 0.7575061274509803 0.042483660130718956 0.030330882352941176
1 0.23815359477124182 0.7559742647058824 0.04820261437908497 0.030330882352941176
1 0.19158496732026145 0.7578125 0.0457516339869281 0.03155637254901961
1 0.14440359477124182 0.7579656862745098 0.04534313725490196 0.029411764705882353
1 0.33312908496732024 0.7228860294117647 0.044526143790849675 0.03400735294117647
1 0.28737745098039214 0.7230392156862745 0.04616013071895425 0.03553921568627451
1 0.23897058823529413 0.725796568627451 0.049836601307189546 0.030637254901960783
1 0.18995098039215685 0.7264093137254902 0.0457516339869281 0.03125
1 0.3347630718954248 0.8147977941176471 0.044526143790849675 0.03278186274509804
0 0.2546078431372549 0.5467218137254902 0.01715686274509804 0.050551470588235295
1 0.9646650326797386 0.8123468137254902 0.05269607843137255 0.03278186274509804
0 0.29709150326797384 0.5459558823529411 0.024509803921568627 0.052083333333333336
1 0.021037581699346407 0.7850796568627451 0.042075163398692814 0.03216911764705882
1 0.02042483660130719 0.7545955882352942 0.04084967320261438 0.027573529411764705
1 0.02287581699346405 0.8204656862745098 0.0457516339869281 0.037377450980392156
1 0.0974264705882353 0.7250306372549019 0.044526143790849675 0.03155637254901961
1 0.0951797385620915 0.7568933823529411 0.04738562091503268 0.02971813725490196
1 0.8476307189542484 0.6415441176470589 0.04738562091503268 0.03125
1 0.9740604575163399 0.6115196078431373 0.046977124183006536 0.03431372549019608
1 0.9695669934640523 0.6439950980392157 0.05514705882352941 0.03125
1 0.9681372549019608 0.6760110294117647 0.051470588235294115 0.03216911764705882
1 0.8950163398692811 0.6746323529411765 0.0392156862745098 0.029411764705882353
0 0.9795751633986928 0.5415134803921569 0.017973856209150325 0.046875
1 0.38174019607843135 0.6737132352941176 0.044526143790849675 0.03002450980392157
1 0.1919934640522876 0.6732536764705882 0.04656862745098039 0.029105392156862746
1 0.14460784313725492 0.6747855392156863 0.042483660130718956 0.03155637254901961
1 0.09354575163398693 0.6767769607843137 0.049836601307189546 0.028799019607843136
1 0.30637254901960786 0.5911458333333334 0.04411764705882353 0.019301470588235295
1 0.26491013071895425 0.5912990196078431 0.03880718954248366 0.02022058823529412
1 0.22140522875816993 0.5909926470588235 0.042483660130718956 0.018995098039215685
1 0.19056372549019607 0.6423100490196079 0.04370915032679738 0.030330882352941176
1 0.14399509803921567 0.6435355392156863 0.046977124183006536 0.030330882352941176
0 0.9946895424836601 0.5415134803921569 0.010620915032679739 0.046875
1 0.09089052287581699 0.6449142156862745 0.046977124183006536 0.030637254901960783
1 0.8519199346405228 0.6750919117647058 0.046977124183006536 0.02849264705882353
1 0.8065767973856209 0.6747855392156863 0.04044117647058824 0.02971813725490196
1 0.3349673202614379 0.6420036764705882 0.041666666666666664 0.035845588235294115
1 0.28656045751633985 0.6752450980392157 0.044526143790849675 0.028186274509803922
1 0.33374183006535946 0.6752450980392157 0.0457516339869281 0.030637254901960783
1 0.383374183006536 0.6095281862745098 0.044526143790849675 0.030330882352941176
1 0.4285130718954248 0.6095281862745098 0.04411764705882353 0.0352328431372549
1 0.47487745098039214 0.6084558823529411 0.04616013071895425 0.03308823529411765
1 0.5220588235294118 0.6098345588235294 0.04411764705882353 0.03216911764705882
1 0.5669934640522876 0.6106004901960784 0.0457516339869281 0.032475490196078434
1 0.6658496732026143 0.6099877450980392 0.04656862745098039 0.03615196078431373
1 0.474468954248366 0.6738664215686274 0.04861111111111111 0.027879901960784315
1 0.7138480392156863 0.6110600490196079 0.04616013071895425 0.03462009803921569
1 0.42953431372549017 0.6430759803921569 0.0428921568627451 0.029411764705882353
1 0.47549019607843135 0.6426164215686274 0.04411764705882353 0.033394607843137254
1 0.5206290849673203 0.6421568627450981 0.04370915032679738 0.03125
1 0.5694444444444444 0.6430759803921569 0.04493464052287582 0.031862745098039214
1 0.6133578431372549 0.6418504901960784 0.042075163398692814 0.03370098039215686
1 0.6611519607843137 0.6436887254901961 0.0428921568627451 0.030637254901960783
1 0.7097630718954249 0.6446078431372549 0.046977124183006536 0.030637254901960783
1 0.7581699346405228 0.6432291666666666 0.04738562091503268 0.03216911764705882
1 0.7595996732026143 0.6740196078431373 0.046977124183006536 0.030637254901960783
1 0.3837826797385621 0.6421568627450981 0.04534313725490196 0.03002450980392157
1 0.23794934640522875 0.6738664215686274 0.04779411764705882 0.03216911764705882
1 0.13868464052287582 0.6115196078431373 0.0494281045751634 0.03370098039215686
0 0.7790032679738562 0.5447303921568627 0.0196078431372549 0.04595588235294118
0 0.7589869281045751 0.5430453431372549 0.02042483660130719 0.04381127450980392
0 0.7367238562091504 0.5434957107843137 0.020016339869281044 0.04258578431372549
0 0.7152777777777778 0.5507046568627451 0.02042483660130719 0.047487745098039214
0 0.6926062091503268 0.5503982843137255 0.02246732026143791 0.048100490196078434
0 0.6699346405228758 0.5491727941176471 0.02369281045751634 0.045649509803921566
0 0.6462418300653595 0.5494791666666666 0.02287581699346405 0.046262254901960786
0 0.6213235294117647 0.5490196078431373 0.026143790849673203 0.04595588235294118
0 0.5970302287581699 0.5484068627450981 0.02287581699346405 0.04656862745098039
0 0.5753962418300653 0.5500919117647058 0.020016339869281044 0.05116421568627451
0 0.5543872549019608 0.5491636029411765 0.02739787581699346 0.04963235294117647
0 0.5319321895424837 0.5485508578431373 0.02165032679738562 0.04595588235294118
0 0.5110988562091504 0.5497763480392157 0.020833333333333332 0.04779411764705882
0 0.4886478758169935 0.5487040441176471 0.02369281045751634 0.04871323529411765
0 0.46393382352941176 0.5502450980392157 0.02165032679738562 0.04840686274509804
0 0.44231209150326795 0.5453431372549019 0.020833333333333332 0.04963235294117647
0 0.4204575163398693 0.5454963235294118 0.02369281045751634 0.05116421568627451
0 0.3988071895424837 0.5444240196078431 0.017973856209150325 0.05269607843137255
0 0.3724591503267974 0.5442708333333334 0.024918300653594773 0.047487745098039214
0 0.34366013071895424 0.5514705882352942 0.02696078431372549 0.05269607843137255
0 0.32037581699346407 0.5493259803921569 0.02042483660130719 0.05759803921568627
0 0.7998366013071896 0.5442708333333334 0.021241830065359478 0.046262254901960786
1 0.09068627450980392 0.6112132352941176 0.04656862745098039 0.03370098039215686
0 0.832312091503268 0.5508578431372549 0.023284313725490197 0.049019607843137254
4 0.9060294117647059 0.5719975490196079 0.04125816993464052 0.032475490196078434
0 0.2750326797385621 0.5470281862745098 0.02042483660130719 0.050551470588235295
0 0.8560049019607843 0.5519301470588235 0.024101307189542485 0.047487745098039214
1 0.020016339869281044 0.725796568627451 0.04003267973856209 0.030637254901960783
1 0.42687908496732024 0.6727941176470589 0.04411764705882353 0.030637254901960783
1 0.289624183006536 0.6424632352941176 0.04493464052287582 0.034926470588235295
1 0.710171568627451 0.6746323529411765 0.04779411764705882 0.029411764705882353
1 0.849468954248366 0.7143075980392157 0.04861111111111111 0.030943627450980393
1 0.6621732026143791 0.6741727941176471 0.0457516339869281 0.02849264705882353
1 0.6160130718954249 0.6746323529411765 0.04411764705882353 0.02696078431372549
1 0.571078431372549 0.6731004901960784 0.04493464052287582 0.028799019607843136
1 0.5257352941176471 0.6735600490196079 0.04493464052287582 0.029105392156862746
1 0.015931372549019607 0.6764705882352942 0.031862745098039214 0.03308823529411765