1 0.24979575163398693 0.6772365196078431 0.04044117647058824 0.030943627450980393
1 0.5646119281045752 0.8117861519607843 0.051470588235294115 0.03829656862745098
1 0.6326470588235295 0.6957230392156863 0.0559640522875817 0.04136029411764706
1 0.6294321895424836 0.7376960784313726 0.0559640522875817 0.04136029411764706
1 0.630657679738562 0.7805361519607843 0.0559640522875817 0.04136029411764706
1 0.6287459150326797 0.8286366421568627 0.05555555555555555 0.04136029411764706
0 0.5578022875816994 0.5176164215686274 0.046977124183006536 0.1173406862745098
0 0.5010212418300654 0.5124080882352942 0.046977124183006536 0.1173406862745098
0 0.43995098039215685 0.5121017156862745 0.04738562091503268 0.1173406862745098
0 0.3901143790849673 0.5076593137254902 0.04493464052287582 0.11090686274509803
1 0.29411764705882354 0.6850490196078431 0.04003267973856209 0.03125
1 0.24816176470588236 0.7152267156862745 0.04044117647058824 0.030943627450980393
1 0.39501633986928103 0.7800245098039216 0.04411764705882353 0.03860294117647059
1 0.07107843137254902 0.6895925245098039 0.0392156862745098 0.032475490196078434
1 0.5642769607843137 0.76828125 0.051470588235294115 0.03829656862745098
1 0.565298202614379 0.7269730392156863 0.05106209150326797 0.03829656862745098
1 0.5734150326797386 0.682702205882353 0.05106209150326797 0.03860294117647059
1 0.5784599673202614 0.6390441176470588 0.05106209150326797 0.03829656862745098
1 0.5047671568627451 0.7988664215686274 0.054330065359477125 0.036458333333333336
1 0.5048406862745097 0.7594975490196079 0.054330065359477125 0.03615196078431373
0 0.34538398692810457 0.5052083333333334 0.044526143790849675 0.10600490196078431
1 0.5077001633986927 0.7155330882352942 0.054330065359477125 0.036458333333333336
1 0.5126184640522876 0.6746323529411765 0.054330065359477125 0.03615196078431373
1 0.4473733660130719 0.7913602941176471 0.049836601307189546 0.0392156862745098
1 0.45030637254901956 0.7496936274509803 0.049836601307189546 0.0392156862745098
1 0.45051062091503263 0.7084865196078431 0.05024509803921569 0.03952205882352941
1 0.29187091503267976 0.7221200980392157 0.04534313725490196 0.034926470588235295
1 0.45747140522875823 0.6685049019607843 0.05024509803921569 0.0392156862745098
1 0.3956985294117647 0.7406556372549019 0.04370915032679738 0.03829656862745098
1 0.3956985294117647 0.7003676470588235 0.04370915032679738 0.03860294117647059
1 0.40368464052287584 0.6580882352941176 0.041666666666666664 0.03676470588235294
1 0.19873366013071894 0.67453125 0.037173202614379085 0.03155637254901961
1 0.3464052287581699 0.7706801470588235 0.049019607843137254 0.035845588235294115
1 0.3464746732026144 0.7296262254901961 0.049019607843137254 0.035845588235294115
1 0.34749591503267974 0.6931678921568627 0.04861111111111111 0.035845588235294115
1 0.3516013071895425 0.6542585784313726 0.04861111111111111 0.035845588235294115
1 0.355890522875817 0.6155024509803921 0.049836601307189546 0.034926470588235295
1 0.19791666666666666 0.7090992647058824 0.04616013071895425 0.033394607843137254
1 0.153390522875817 0.7032781862745098 0.042075163398692814 0.03155637254901961
1 0.11764705882352941 0.6968443627450981 0.035130718954248366 0.0272671568627451
1 0.636875 0.6494607843137256 0.0559640522875817 0.04136029411764706
0 0.29840686274509803 0.5027573529411765 0.044526143790849675 0.10600490196078431
1 0.15625 0.670701593137255 0.037173202614379085 0.03125
0 0.2062908496732026 0.4966299019607843 0.042483660130718956 0.09926470588235294
0 0.9136029411764706 0.19730392156862744 0.07066993464052287 0.15196078431372548
0 0.9783496732026143 0.18979779411764705 0.04330065359477124 0.15287990196078433
0 0.8417075163398693 0.20159313725490197 0.06413398692810457 0.14522058823529413
0 0.7630718954248366 0.20772058823529413 0.0661764705882353 0.14338235294117646
0 0.6919934640522876 0.2103247549019608 0.05555555555555555 0.13756127450980393
0 0.6274509803921569 0.21522671568627452 0.05718954248366013 0.13694852941176472
0 0.3321078431372549 0.22962622549019607 0.0392156862745098 0.12837009803921567
0 0.3868464052287582 0.2271752450980392 0.04493464052287582 0.12714460784313725
0 0.2849264705882353 0.23207720588235295 0.04370915032679738 0.12285539215686274
0 0.4415849673202614 0.22380514705882354 0.05228758169934641 0.12775735294117646
0 0.5635212418300654 0.21675857843137256 0.05759803921568627 0.13939950980392157
0 0.06862745098039216 0.3694852941176471 0.03431372549019608 0.10600490196078431
0 0.11029411764705882 0.3707107843137255 0.03839869281045752 0.10784313725490197
0 0.15196078431372548 0.3707107843137255 0.03839869281045752 0.10784313725490197
0 0.1954656862745098 0.3704044117647059 0.04125816993464052 0.10723039215686274
0 0.24080882352941177 0.3713235294117647 0.04125816993464052 0.10723039215686274
0 0.2861519607843137 0.3746936274509804 0.04125816993464052 0.10723039215686274
0 0.33619281045751637 0.37300857843137253 0.0457516339869281 0.11672794117647059
0 0.502859477124183 0.21660539215686275 0.05800653594771242 0.13909313725490197
0 0.3882761437908497 0.3711703431372549 0.04779411764705882 0.12040441176470588
0 0.23672385620915032 0.2349877450980392 0.042075163398692814 0.11887254901960784
0 0.14338235294117646 0.23820465686274508 0.03758169934640523 0.11366421568627451
1 0.705298202614379 0.6586519607843138 0.07107843137254902 0.04442401960784314
1 0.7711192810457517 0.6634007352941177 0.07107843137254902 0.04411764705882353
1 0.8491421568627451 0.6813235294117648 0.06862745098039216 0.050551470588235295
0 0.2514297385620915 0.49831495098039214 0.044526143790849675 0.1014093137254902
1 0.9236192810457516 0.6813235294117648 0.068218954248366 0.050551470588235295
1 0.8455269607843137 0.7265134803921569 0.068218954248366 0.037377450980392156
1 0.9262050653594771 0.7331004901960785 0.06781045751633986 0.04871323529411765
1 0.9219158496732026 0.7814552696078432 0.0690359477124183 0.04136029411764706
0 0.18913398692810457 0.23682598039215685 0.042483660130718956 0.11458333333333333
1 0.917218137254902 0.8283302696078432 0.06862745098039216 0.045649509803921566
1 0.8370792483660131 0.8686182598039216 0.06862745098039216 0.04534313725490196
1 0.835110294117647 0.8211305147058824 0.06454248366013073 0.03982843137254902
1 0.8367442810457516 0.7745618872549019 0.07026143790849673 0.05024509803921569
1 0.9758986928104575 0.8851102941176471 0.04820261437908497 0.044730392156862746
1 0.9783496732026143 0.8356311274509803 0.04330065359477124 0.047487745098039214
0 0.02144607843137255 0.24417892156862744 0.0363562091503268 0.10723039215686274
0 0.06004901960784314 0.24126838235294118 0.0392156862745098 0.109375
0 0.10191993464052287 0.24111519607843138 0.039624183006535946 0.1096813725490196
1 0.9120383986928104 0.8786764705882353 0.0690359477124183 0.04534313725490196
0 0.4387254901960784 0.37392769607843135 0.04820261437908497 0.12040441176470588
0 0.026348039215686275 0.3697916666666667 0.0428921568627451 0.09987745098039216
0 0.5526960784313726 0.3710171568627451 0.04330065359477124 0.12377450980392157
1 0.25655228758169935 0.6391452205882353 0.041666666666666664 0.034926470588235295
1 0.07332516339869281 0.7256433823529411 0.037173202614379085 0.03278186274509804
1 0.1170343137254902 0.7323835784313726 0.037173202614379085 0.03278186274509804
1 0.15584150326797386 0.7366727941176471 0.037173202614379085 0.03278186274509804
1 0.1962826797385621 0.7472426470588235 0.039624183006535946 0.03308823529411765
1 0.24632352941176472 0.7559742647058824 0.04330065359477124 0.03829656862745098
1 0.29330065359477125 0.7633272058823529 0.0457516339869281 0.03278186274509804
0 0.5014297385620915 0.3707107843137255 0.0428921568627451 0.12377450980392157
1 0.07169117647058823 0.6570680147058824 0.037173202614379085 0.03155637254901961
1 0.11254084967320262 0.663655024509804 0.037173202614379085 0.03125
0 0.8850081699346405 0.5441176470588235 0.068218954248366 0.13112745098039216
0 0.815359477124183 0.5367647058823529 0.06862745098039216 0.12438725490196079
0 0.744281045751634 0.5300245098039216 0.06454248366013073 0.12009803921568628
0 0.6174428104575164 0.5248161764705882 0.053513071895424834 0.11090686274509803
0 0.6768790849673203 0.5274203431372549 0.05310457516339869 0.11121323529411764
0 0.042075163398692814 0.48682598039215685 0.04330065359477124 0.09803921568627451
0 0.08415032679738563 0.4878982843137255 0.03349673202614379 0.09834558823529412
0 0.12050653594771242 0.49172794117647056 0.03349673202614379 0.10110294117647059
0 0.1627859477124183 0.4928002450980392 0.03799019607843137 0.0977328431372549
1 0.20868872549019607 0.6366942401960785 0.04003267973856209 0.03431372549019608
1 0.1619158496732026 0.6336305147058824 0.04125816993464052 0.034926470588235295
0 0.9626225490196079 0.5464154411764706 0.068218954248366 0.13082107843137256
1 0.07715277777777778 0.6211213235294117 0.035130718954248366 0.032475490196078434
1 0.11922794117647059 0.624797794117647 0.035130718954248366 0.032475490196078434
0 0.6848447712418301 0.37714460784313725 0.053513071895424834 0.125
0 0.7481617647058824 0.37745098039215685 0.05923202614379085 0.12867647058823528
0 0.8257761437908496 0.3753063725490196 0.05923202614379085 0.12867647058823528
0 0.8974673202614379 0.3783700980392157 0.06535947712418301 0.13541666666666666
0 0.9699754901960784 0.37653186274509803 0.06004901960784314 0.1403186274509804
1 0.9797794117647058 0.7861519607843137 0.04044117647058824 0.04779411764705882
1 0.9820261437908496 0.7365196078431373 0.035130718954248366 0.04840686274509804
1 0.7014787581699347 0.7058333333333334 0.07107843137254902 0.04442401960784314
0 0.6102941176470589 0.37775735294117646 0.06699346405228758 0.11642156862745098
1 0.6923406862745097 0.7926378676470588 0.06004901960784314 0.03860294117647059
1 0.6906331699346405 0.837827818627451 0.06413398692810457 0.04381127450980392
1 0.7588521241830065 0.8569761029411765 0.06413398692810457 0.04350490196078431
1 0.7701674836601307 0.7127267156862745 0.06413398692810457 0.041666666666666664
1 0.758517156862745 0.7583241421568627 0.06413398692810457 0.041666666666666664
1 0.7597426470588234 0.8030545343137255 0.06413398692810457 0.041666666666666664
1 0.6933619281045751 0.7505116421568627 0.06045751633986928 0.0389093137254902